2.199222341735038166e-01
-6.817632339279205977e-04
-9.742963110576006613e+00
-1.803092628109098927e-01
1.015758330173579749e+00
-8.810996209008044033e+00
-1.108001348245079143e+01
-1.860885786334227077e-01
-1.473596982476967077e-01
3.914039338605721063e+00
5.005323488297035439e-01
-2.481224118235723974e+00
7.068468999376983142e+00
-9.639154835477403704e-02
5.715297259861130685e-01
-8.422671230208026438e-01
-2.140822192971054694e+00
1.092055532381576155e-01
-1.721724314331075090e-01
-6.535837237128788502e+00
-6.098900224519046454e+00
6.317820154203952931e+00
5.155223449088036647e-01
1.166328546764355129e-01
3.324927826627692706e-01
-1.016563280637364564e+00
2.198621862994549342e-02
3.316646931196119308e+00
